ssz	Z	N	E
1	26	30	9.153567
2	28	34	9.147877
3	28	32	9.145862
4	26	32	9.142938
5	24	28	9.137037
6	26	31	9.127119
7	27	32	9.126046
8	24	30	9.125633
9	28	33	9.124129
10	25	30	9.120611
11	28	36	9.119754
12	30	36	9.115258
13	24	29	9.114435
14	29	34	9.112272
15	29	36	9.106154
16	30	38	9.100845
17	22	28	9.099861
18	23	28	9.094884
19	30	37	9.084468
20	22	26	9.081488
21	32	40	9.079465
22	32	38	9.079372
23	31	38	9.076078
24	38	50	9.070438
25	32	42	9.063522
26	22	27	9.062323
27	34	42	9.061485
28	31	40	9.059218
29	34	44	9.058842
30	40	50	9.057631
31	39	50	9.056743
32	38	48	9.05416
33	36	46	9.054126
34	36	48	9.052649
35	32	41	9.048006
36	38	49	9.046964
37	33	42	9.045093
38	36	44	9.044984
39	34	43	9.040153
40	37	48	9.037998
41	40	51	9.037156
42	36	47	9.034966
43	35	44	9.03422
44	35	46	9.033979
45	40	52	9.032783
46	22	24	9.030532
47	22	25	9.027336
48	20	24	9.013793
49	42	52	9.011856
50	41	52	9.009051
51	42	54	8.996229
52	42	53	8.994564
53	20	22	8.989116
54	18	20	8.98487
55	21	24	8.983945
56	42	55	8.973806
57	44	54	8.971572
58	20	23	8.964551
59	44	56	8.963517
60	44	55	8.956348
61	16	18	8.951675
62	18	22	8.947325
63	44	58	8.944837
64	44	57	8.942117
65	19	22	8.938623
66	19	20	8.938174
67	46	58	8.930847
68	17	20	8.92976
69	45	58	8.92591
70	16	20	8.923108
71	46	60	8.91946
72	46	59	8.913356
73	17	18	8.900285
74	46	62	8.900253
75	47	60	8.897514
76	48	62	8.892718
77	14	16	8.885761
78	47	62	8.8853
79	16	16	8.884318
80	16	17	8.876964
81	15	16	8.859744
82	14	14	8.838935
83	14	15	8.826327
84	48	64	8.880077
85	48	63	8.875445
86	50	64	8.865722
87	49	64	8.862212
88	50	66	8.860362
89	50	65	8.854249
90	50	68	8.848073
91	50	67	8.843977
92	50	70	8.830537
93	50	69	8.828201
94	51	70	8.811783
95	52	70	8.811606
96	52	72	8.801364
97	51	72	8.796727
98	52	74	8.786126
99	52	73	8.783505
100	54	74	8.773359
101	53	74	8.771981
102	54	76	8.762725
103	54	75	8.758904
104	54	78	8.747695
105	54	77	8.746253
106	56	78	8.735133
107	55	78	8.733515
108	56	80	8.724908
109	56	79	8.722072
110	56	81	8.711628
111	56	82	8.710904
112	13	14	8.708242
113	58	82	8.700494
114	57	82	8.698892
115	12	14	8.694981
116	59	82	8.681405
117	60	82	8.676646
118	12	12	8.651911
119	12	13	8.599047
120	64	92	8.536342
121	64	93	8.522478
122	64	94	8.518775
123	65	94	8.50868
124	11	12	8.485675
125	66	97	8.478607
126	66	98	8.473604
127	10	12	8.436087
128	10	10	8.423422
129	8	8	8.36739
130	10	11	8.34428
131	9	10	8.149612
132	8	9	8.118904
133	8	10	8.114744
134	6	6	8.071327
135	7	8	8.064594
136	7	7	7.866827
137	6	7	7.830943
138	2	2	7.465077
139	5	6	7.283337
140	5	5	6.866257
141	4	5	6.810483
142	3	4	5.941599
143	3	3	5.723527
144	2	1	3.094327
145	1	1	1.503327
146	1	0	0.782327
147	34	46	9.043326
148	36	50	9.039532
149	38	46	9.031375
150	46	56	8.933337
151	44	60	8.918337
152	18	18	8.911105
153	50	72	8.80859
154	60	83	8.658792
155	62	88	8.585043
156	62	90	8.563227
157	64	90	8.549985
158	64	91	8.536341
159	68	96	8.473462
160	67	98	8.464689
161	68	98	8.462482
162	68	99	8.45035
163	68	100	8.446308
164	69	100	8.433931
165	70	100	8.428792
166	70	101	8.418182
167	70	102	8.415864
168	70	103	8.404023
169	70	104	8.398624
170	71	104	8.386589
171	73	108	8.338961
172	75	110	8.308204
173	77	114	8.263508
174	78	116	8.250519
175	77	116	8.250259
176	78	117	8.239516
177	78	118	8.237896
178	79	118	8.229404
179	80	118	8.227663
180	80	119	8.219805
181	80	120	8.218848
182	80	121	8.208956
183	80	122	8.206703
184	81	122	8.19823
185	80	124	8.192358
186	81	124	8.187526
187	20	20	8.942485
188	74	110	8.319737
189	74	108	8.336424
190	82	126	8.175888
191	82	124	8.186791
192	54	72	8.77901
193	82	125	8.179791
194	52	68	8.816369
195	48	58	8.893327
196	54	80	8.728973
197	28	30	9.109736
198	74	109	8.324699
199	26	28	9.11304
200	56	76	8.741288
201	46	64	8.8745
202	42	50	9.01486
203	82	122	8.194414
204	50	62	8.862944
205	44	52	8.967911
206	76	116	8.258202
207	78	120	8.222378
208	64	96	8.496009
209	62	82	8.640577
210	76	114	8.275045
211	30	34	9.102634
212	34	40	9.047175
213	74	112	8.299873
214	30	40	9.065109
215	76	112	8.290138
216	60	88	8.594388
217	58	84	8.666666
218	72	107	8.353293
219	80	116	8.23371
220	62	92	8.541857
221	60	86	8.625649
222	24	26	9.076517
223	72	106	8.365958
224	72	105	8.370139
225	66	90	8.523443
226	63	90	8.550893
227	72	108	8.34793
228	48	60	8.897735
229	68	102	8.424945
230	58	80	8.705878
231	72	104	8.381427
232	20	26	9.009047
233	70	106	8.375271
234	40	54	8.999698
235	50	74	8.782914
236	66	96	8.492234
237	58	78	8.707122
238	48	66	8.860985
239	52	71	8.796302
240	60	85	8.632963
241	78	114	8.260353
242	73	107	8.342767
243	66	95	8.494067
244	66	94	8.506816
245	76	113	8.277599
246	76	111	8.291746
247	62	87	8.589058
248	66	92	8.516973
249	68	94	8.480852
250	70	98	8.437845
251	42	56	8.970426
252	52	76	8.743261
253	54	70	8.778264
254	36	42	9.022349
255	54	82	8.706805
256	32	44	9.034656
257	56	74	8.742574
258	34	48	9.017596
259	20	28	8.992452
260	48	68	8.836146
261	83	126	8.158689
262	40	56	8.961359
263	52	78	8.766578
264	60	90	8.562594
265	42	58	8.933167
266	63	88	8.565759
267	74	106	8.347127
268	23	27	9.055759
269	72	102	8.392287
270	48	65	8.859372
271	62	86	8.607423
272	60	84	8.652947
273	76	110	8.302508
274	49	66	8.84991
275	64	88	8.562868
276	76	108	8.31185
277	78	112	8.267764
278	62	85	8.610593
279	57	81	8.69832
280	37	50	9.043718
281	75	112	8.291732
282	71	105	8.374665
283	90	142	7.918533
284	92	146	7.872551
285	19	21	8.909707
286	92	143	7.897198
287	62	84	8.626136
288	94	150	7.826221
289	41	51	9.01098
290	92	144	7.89147
291	82	123	8.187279
292	53	76	8.757397
293	96	151	7.806008
294	72	110	8.324399
295	46	61	8.897197
296	43	54	8.970503
297	43	55	8.953246
298	25	28	9.103175
299	26	34	9.094861
300	83	127	8.140473
301	93	144	7.881989
302	64	86	8.576454
303	40	53	9.008069
304	4	6	6.810657
305	66	88	8.528457
306	55	80	8.720082
307	13	13	8.540954
308	94	148	7.845218
309	83	125	8.162049
310	96	152	7.799586
311	17	19	8.89138
312	34	45	9.03231
313	92	142	7.908308
314	50	76	8.754026
315	36	45	9.030513
316	43	56	8.953379
317	75	111	8.295958
318	92	141	7.912873
319	93	143	7.887514
320	20	21	8.928347
321	28	31	9.107863
322	90	140	7.937136
323	57	80	8.707101
324	82	120	8.199714
325	91	140	7.926627
326	94	145	7.868022
327	41	53	8.990099
328	96	149	7.822329
329	96	154	7.779371
330	95	148	7.836035
331	90	139	7.942127
332	94	146	7.862465
333	6	8	7.85562
334	96	150	7.816781
335	67	96	8.478591
336	42	51	9.004693
337	88	138	7.966597
338	97	150	7.806182
339	67	99	8.451273
340	98	153	7.775969
341	41	50	9.023327
342	80	114	8.237271
343	47	61	8.881439
344	95	146	7.851676
345	98	151	7.791305
346	97	151	7.796811
347	18	21	8.923686
348	77	115	8.251875
349	65	93	8.511055
350	95	147	7.841913
351	14	18	8.823856
352	84	125	8.149633
353	28	35	9.11121
354	62	89	8.565251
355	94	144	7.877358
356	64	84	8.586706
357	65	92	8.522096
358	92	140	7.922143
359	22	22	8.924702
360	78	115	8.249965
361	50	71	8.808499
362	63	87	8.569974
363	18	24	8.890923
364	83	124	8.168209
365	72	106	
366	55	82	8.703047
367	96	147	7.836004
368	38	52	9.026239
369	82	128	8.141462
370	89	138	7.957447
371	96	148	7.831763
372	61	84	8.631838
373	41	52	
374	94	147	7.85159
375	48	65	
376	63	89	8.550897
377	98	152	7.78664
378	1	2	3.087994
379	36	49	9.029919
380	56	77	8.729624
381	63	91	8.5372
382	76	118	8.238508
383	88	140	7.94439
384	61	85	8.615574
385	27	33	9.098811
386	63	92	8.534711
387	81	123	8.190671
388	71	103	8.390726
389	45	56	8.936753
390	45	57	8.92068
391	84	124	8.155315
392	94	142	7.889536
393	51	74	8.777367
394	26	29	9.116407
395	98	154	7.769605
396	61	86	8.609068
397	11	11	8.306891
398	55	79	8.719768
399	69	102	8.41762
400	90	138	7.953906
401	72	100	8.399252
402	73	106	8.352703
403	71	102	8.400147
404	99	153	7.764621
405	48	61	8.883327
406	93	142	7.896669
407	44	62	8.885686
408	61	83	8.636751
409	62	83	8.62759
410	98	150	7.800198
411	97	152	7.790805
412	23	26	9.05004
413	25	29	9.100131
414	50	69	
415	58	86	8.629918
416	99	155	7.748524
417	27	30	9.112454
418	32	36	9.056327
419	61	82	8.651509
420	47	63	8.865355
421	30	35	9.085352
422	64	89	8.547731
423	45	57	
424	79	116	8.238353
425	77	117	8.238025
426	75	109	8.31067
427	96	146	7.84486
428	20	25	8.978261
429	71	106	8.361829
430	52	69	8.800749
431	66	93	8.506378
432	71	103	
433	84	126	8.147295
434	58	81	8.696881
435	50	73	8.785311
436	69	101	8.423096
437	64	87	8.562685
438	74	107	8.337924
439	34	41	9.033581
440	52	71	
441	50	63	8.853035
442	73	109	8.326456
443	52	75	8.765759
444	39	49	9.029272
445	100	157	7.726619
446	76	109	8.30273
447	69	99	8.436316
448	63	86	8.584395
449	43	54	
450	16	19	8.89551
451	37	46	9.024038
452	21	25	8.979091
453	40	48	9.021589
454	33	40	9.043341
455	27	29	9.072031
456	74	111	8.305866
457	77	115	
458	65	95	8.495346
459	27	31	9.103153
460	75	108	8.321661
461	72	103	8.382665
462	74	114	8.277003
463	38	47	9.02548
464	40	55	8.972989
465	43	52	8.976359
466	41	50	
467	98	156	7.751087
468	51	73	8.777943
469	53	72	8.782019
470	39	52	9.020174
471	52	73	
472	63	85	8.586882
473	4	3	5.81847
474	101	157	7.715948
475	38	51	9.039969
476	49	65	8.846608
477	64	82	8.592512
478	80	123	8.195806
479	94	143	7.88106
480	48	67	8.835754
481	26	33	9.099516
482	72	109	8.333272
483	61	87	8.5898
484	47	58	8.900547
485	99	156	7.741567
486	44	59	8.9185
487	54	73	8.766768
488	75	109	
489	41	54	8.984821
490	18	19	8.907752
491	52	77	8.744953
492	37	47	9.020732
493	96	145	7.848492
494	58	83	8.677286
495	70	99	8.428546
496	101	159	7.699789
497	24	27	9.080127
498	96	144	7.855805
499	91	142	7.910426
500	38	44	8.998254
501	15	18	8.869434
502	72	107	
503	90	144	7.897763
504	63	84	8.598879
505	74	104	8.354563
506	92	138	7.933871
507	99	154	7.759019
508	52	69	
509	90	137	7.957644
510	37	49	9.033502
511	98	155	7.757885
512	33	41	9.028895
513	91	139	7.931436
514	46	57	8.920638
515	45	54	8.935711
516	23	25	8.99789
517	76	115	8.26187
518	83	122	8.174069
519	63	93	8.520642
520	88	137	7.973576
521	15	17	8.830865
522	50	67	
523	59	84	8.652258
524	77	112	8.274783
525	55	81	8.706171
526	53	73	8.769026
527	56	84	8.66612
528	51	75	8.757042
529	81	121	8.199956
530	54	77	
531	77	113	8.264755
532	56	75	8.733037
533	88	135	7.994042
534	32	39	9.055943
535	60	87	8.602973
536	94	152	7.805494
537	77	116	
538	78	110	8.272514
539	41	51	
540	89	136	7.975159
541	55	76	8.743541
542	50	75	8.758515
543	68	101	8.431852
544	64	85	8.575576
545	69	98	8.445866
546	54	75	
547	84	122	8.15959
548	34	38	9.0143
549	47	59	8.890639
550	71	100	8.409532
551	53	78	8.738842
552	99	158	7.723468
553	47	64	8.866111
554	65	96	8.490383
555	92	145	7.8798
556	71	101	8.401217
557	71	106	
558	55	77	8.731599
559	83	123	8.168551
560	79	117	8.230205
561	28	28	9.033899
562	52	66	8.814726
563	63	82	8.609245
564	51	69	8.808194
565	25	27	9.046431
566	61	87	
567	65	91	8.520667
568	65	90	8.531031
569	54	79	8.730302
570	73	110	8.318847
571	83	127	
572	97	148	7.81902
573	52	67	8.801773
574	63	83	8.59956
575	20	27	8.972181
576	93	141	7.900571
577	45	56	
578	78	115	
579	43	53	8.965255
580	92	139	7.924977
581	70	105	8.383902
582	53	71	8.775884
583	78	117	
584	51	76	8.754005
585	86	136	7.997573
586	75	111	
587	88	136	7.987277
588	46	54	8.923587
589	41	54	
590	66	100	8.448376
591	60	80	8.673113
592	21	26	9.014564
593	39	48	9.025565
594	40	49	9.024912
595	31	36	9.069532
596	52	80	8.716646
597	58	76	8.704432
598	79	120	8.217534
599	81	120	8.206561
600	100	153	7.757691
601	78	113	8.258228
602	49	62	8.867688
603	44	53	8.95908
604	42	57	8.939669
605	51	71	8.795346
606	33	38	9.027581
607	79	119	8.220732
608	80	117	8.226358
609	39	51	9.032294
610	75	107	8.321053
611	69	103	8.404932
612	29	38	9.076086
613	21	23	8.924627
614	56	72	8.738523
615	35	42	9.022431
616	70	96	8.44234
617	73	104	8.363553
618	93	146	7.864999
619	65	88	8.537471
620	28	38	9.071423
621	94	153	7.791975
622	79	119	
623	48	67	
624	61	88	8.581871
625	54	79	
626	82	121	8.193431
627	93	145	7.871931
628	95	145	7.856694
629	68	104	8.399752
630	71	99	8.408445
631	30	42	9.017591
632	62	91	8.545614
633	78	124	8.183209
634	21	27	8.998327
635	97	149	7.811287
636	80	115	8.229399
637	77	111	8.2752
638	57	83	8.67362
639	99	155	
640	32	37	9.0438
641	56	77	
642	33	44	9.031283
643	51	68	8.823235
644	64	83	8.584001
645	79	115	8.237626
646	91	138	7.940769
647	98	148	7.810792
648	28	29	9.055222
649	45	60	8.907956
650	35	47	9.016407
651	36	43	9.013644
652	58	79	8.696327
653	71	98	8.414978
654	58	85	8.642041
655	99	152	7.774467
656	38	45	8.996568
657	55	74	8.749622
658	105	163	7.635133
659	91	141	7.916379
660	76	117	8.244348
661	69	96	8.452758
662	52	79	8.720392
663	89	137	7.963761
664	68	92	8.48419
665	61	90	8.557387
666	56	79	
667	50	71	
668	67	99	
669	33	43	9.022505
670	81	119	8.206567
671	33	39	9.018966
672	90	141	7.924932
673	100	152	7.766498
674	65	91	
675	75	114	8.272269
676	80	117	
677	74	113	8.284722
678	97	151	
679	72	101	8.391617
680	41	55	8.963036
681	65	89	8.526912
682	93	143	
683	19	24	8.922327
684	76	106	8.316432
685	91	137	7.944468
686	24	24	8.96339
687	65	89	
688	82	118	8.202542
689	46	66	8.842185
690	12	16	8.607706
691	45	55	8.927167
692	53	80	8.717094
693	54	68	8.770959
694	100	155	7.742704
695	43	52	
696	75	106	8.328294
697	78	119	8.225756
698	57	78	8.713179
699	77	117	
700	59	83	8.661417
701	79	121	8.202877
702	64	95	8.502576
703	58	77	8.698179
704	79	114	8.244353
705	65	86	8.545692
706	27	28	9.053647
707	65	87	8.536591
708	75	113	8.27886
709	54	71	8.768864
710	40	57	8.926451
711	77	109	8.281935
712	40	46	8.975979
713	35	41	8.996183
714	52	67	
715	95	147	
716	72	98	8.40221
717	63	94	8.513792
718	11	13	8.422082
719	36	40	8.979406
720	39	47	8.993234
721	86	125	8.112825
722	41	49	8.989727
723	77	108	8.289382
724	92	148	7.851682
725	31	41	9.023958
726	30	39	9.056536
727	46	63	8.875061
728	39	48	
729	53	70	8.786311
730	76	115	
731	76	107	8.309907
732	63	87	
733	29	35	9.093581
734	75	107	
735	78	122	8.204342
736	53	77	8.740035
737	19	23	8.905175
738	72	99	8.39548
739	95	144	7.864666
740	80	113	8.231483
741	83	120	8.177436
742	32	45	8.996185
743	83	121	8.172651
744	78	111	8.264359
745	82	130	8.106928
746	80	115	
747	73	102	8.370813
748	94	151	7.813752
749	77	110	8.283713
750	68	97	8.462406
751	39	54	8.976951
752	95	149	7.825914
753	103	163	
754	65	89	
755	76	107	
756	66	89	8.517521
757	38	53	8.990503
758	79	117	
759	31	35	9.036843
760	62	94	8.516007
761	52	75	
762	82	119	8.196989
763	63	89	
764	30	32	9.057957
765	54	81	8.711453
766	27	31	
767	51	77	8.732343
768	58	79	
769	94	140	7.898892
770	73	111	8.304154
771	99	151	7.778407
772	46	55	8.917149
773	26	26	9.000789
774	69	104	8.396524
775	73	107	
776	66	91	8.513544
777	85	125	8.128337
778	73	103	8.363202
779	69	97	8.444183
780	99	157	7.730742
781	68	103	8.408901
782	81	118	8.212333
783	85	126	8.126527
784	34	39	9.005821
785	42	51	
786	91	143	7.89893
787	53	82	8.691994
788	48	59	8.884271
789	37	45	8.999608
790	66	87	8.523288
791	55	72	8.750383
792	89	139	7.944591
793	43	56	
794	59	86	8.620514
795	76	113	
796	84	123	8.154158
797	42	48	8.962072
798	101	156	7.72504
799	46	65	8.844589
800	60	79	8.659529
801	72	108	
802	85	124	8.132954
803	47	66	8.841531
804	65	91	
805	81	117	8.210166
806	100	151	7.76859
807	60	78	8.665661
808	67	93	8.485877
809	51	67	8.814963
810	94	149	7.833648
811	79	113	8.242036
812	49	61	8.857464
813	58	75	8.690771
814	43	51	8.966583
815	39	46	8.98688
816	31	42	9.026112
817	80	112	8.238051
818	57	75	8.705721
819	45	54	
820	105	162	7.644361
821	71	108	8.345428
822	37	44	9.002871
823	97	146	7.829801
824	49	66	
825	36	49	
826	44	61	8.889689
827	35	45	9.018872
828	59	80	8.681565
829	51	78	8.727358
830	97	147	7.822491
831	49	60	8.864805
832	72	112	8.296871
833	65	84	8.551166
834	50	60	8.851727
835	21	23	
836	30	41	9.01737
837	57	84	8.65954
838	57	76	8.714109
839	21	22	8.912907
840	77	118	8.233326
841	80	113	
842	71	105	
843	103	159	7.681556
844	82	120	
845	39	53	8.993208
846	84	120	8.1612
847	58	74	8.696131
848	65	85	8.545394
849	48	69	8.80884
850	29	32	9.087452
851	82	127	8.155607
852	100	154	7.752808
853	97	153	7.779523
854	68	93	8.476352
855	75	115	8.257433
856	39	51	
857	79	112	8.248343
858	73	100	8.374218
859	47	65	8.844756
860	98	149	7.803566
861	77	107	8.286599
862	77	113	
863	22	23	8.938121
864	67	100	8.444304
865	103	161	
866	62	72	
867	96	143	7.857143
868	81	116	8.21519
869	36	52	8.976918
870	16	22	8.778196
871	38	49	
872	51	66	8.828977
873	89	135	7.980993
874	43	50	8.970274
875	39	46	
876	61	89	8.562014
877	38	54	8.972067
878	100	156	7.737398
879	14	17	8.811618
880	25	31	9.087572
881	28	37	9.073267
882	77	118	
883	74	102	8.359055
884	48	69	
885	52	64	8.806414
886	60	81	8.668476
887	67	94	8.488737
888	86	124	8.117032
889	82	116	8.202893
890	96	142	7.863764
891	35	48	9.023243
892	66	86	8.53267
893	73	105	8.355075
894	78	109	8.267638
895	66	99	8.456891
896	53	79	8.72057
897	68	90	8.484619
898	32	34	9.004964
899	56	73	8.730746
900	62	88	
901	74	103	8.352118
902	45	61	8.884761
903	56	73	
904	59	79	8.671088
905	53	68	8.784443
906	50	77	8.7288
907	54	69	8.764409
908	78	108	8.274897
909	95	150	7.818674
910	41	48	8.977507
911	76	119	
912	49	68	8.828849
913	77	109	
914	70	107	8.359401
915	81	117	
916	81	115	8.211618
917	36	47	
918	9	9	8.022789
919	18	23	8.877852
920	69	94	8.456205
921	91	148	7.848148
922	83	118	8.177875
923	85	122	8.135303
924	86	138	7.971327
925	38	42	8.950177
926	76	105	8.311935
927	84	121	8.156737
928	60	89	8.570529
929	83	119	8.173966
930	99	150	7.785464
931	65	82	8.552634
932	40	47	8.983373
933	56	70	8.727439
934	49	64	
935	27	34	9.102449
936	44	51	8.949749
937	95	143	7.867882
938	85	123	8.131376
939	58	75	
940	35	40	8.993181
941	63	89	
942	101	158	7.70986
943	78	119	
944	88	142	7.921249
945	57	85	8.634954
946	33	45	9.004879
947	82	117	8.198111
948	32	46	8.992635
949	98	157	7.738739
950	81	115	
951	77	119	8.21944
952	53	79	
953	56	83	8.682217
954	32	43	9.029413
955	53	67	8.769577
956	105	161	
957	101	155	7.729062
958	59	78	8.678459
959	36	51	8.999022
960	70	94	8.443419
961	68	95	8.471168
962	36	41	8.982618
963	70	108	8.35053
964	95	142	7.87483
965	62	80	8.627616
966	41	56	8.953864
967	78	107	8.269598
968	81	114	8.215712
969	52	77	
970	47	57	8.889702
971	49	61	
972	73	101	8.368684
973	31	37	9.057888
974	38	47	
975	77	113	
976	67	95	8.478371
977	82	122	
978	41	48	
979	47	56	8.894541
980	96	153	7.787191
981	72	111	8.307885
982	89	140	7.937048
983	52	65	8.798652
984	93	147	7.853348
985	72	110	
986	83	129	8.109617
987	51	65	8.816483
988	65	83	8.547949
989	105	165	
